Account_Age,Gender,User_Age,Link_Desc,Status_Count,Friend_Count,Location,Location_IP,Status
12,0,34,0,20370,2385,0,0,0
11,1,30,0,6996,305,0,0,0
10,0,37,0,16427,755,0,0,0
10,1,45,0,4149,64,0,0,0
9,1,41,0,3461,348,0,0,0
8,0,48,0,4357,152,0,0,0
12,1,58,0,40586,622,0,0,0
11,0,52,0,160,146,0,0,0
10,0,46,0,660,407,0,0,0
12,0,34,0,20370,2385,0,0,0
11,1,30,0,6996,305,0,0,0
10,0,37,0,16427,755,0,0,0
10,1,45,0,4149,64,0,0,0
9,1,41,0,3461,348,0,0,0
9,1,27,1,65,641,1,1,1
7,1,27,1,65,641,1,1,1
7,1,30,1,69,587,1,1,1
7,0,38,1,46,542,1,1,1
7,1,52,1,96,827,1,1,1
7,0,57,1,50,506,1,1,1
7,1,29,1,67,624,1,1,1
7,0,50,1,54,551,1,1,1
7,1,33,1,56,611,1,1,1
7,0,59,1,38,515,1,1,1
7,1,48,1,54,470,1,1,1